insert into course_ratings
values (4,1,4,4),
       (5,1,5,4),
       (6,1,6,5),
       (7,1,7,3),
       (8,1,8,1),
       (9,1,9,3),
       (10,1,10,3),
       (11,1,11,4),
       (12,1,12,4),
       (13,1,13,5),
       (14,1,14,4),
       (15,1,15,3),

       (16,2,4,4),
       (17,2,5,4),
       (18,2,6,1),
       (19,2,7,2),
       (20,2,8,1),
       (21,2,9,5),
       (22,2,10,5),
       (23,2,11,4),
       (24,2,12,4),
       (25,2,13,3),
       (26,2,14,4),
       (27,2,15,3),

       (28,3,4,4),
       (29,3,5,4),
       (30,3,6,5),
       (31,3,7,3),
       (32,3,8,1),
       (33,3,9,5),
       (34,3,10,5),
       (35,3,11,4),
       (36,3,12,4),
       (37,3,13,5),
       (38,3,14,4),
       (39,3,15,3),

       (40,4,4,2),
       (41,4,5,4),
       (42,4,6,5),
       (43,4,7,4),
       (44,4,8,1),
       (45,4,9,5),
       (46,4,10,5),

       (47,5,4,4),
       (48,5,5,3),
       (49,5,6,5),
       (50,5,7,1),
       (51,5,8,3),
       (52,5,9,2),
       (53,5,10,3),

       (54,6,4,3),
       (55,6,5,3),
       (56,6,6,5),
       (57,6,7,4),
       (58,6,8,4),
       (59,6,9,4),
       (60,6,10,5)